150 434
1   16   3
1   2   3
2   17   3
2   1   3
2   3   3
3   2   3
3   4   3
4   3   3
4   5   3
5   4   3
5   6   3
6   5   3
6   7   3
7   22   3
7   6   3
7   8   3
8   23   3
8   7   3
8   9   1
9   24   3
9   8   3
9   10   1
10   25   3
10   9   1
10   11   1
11   26   3
11   10   1
11   12   1
12   27   3
12   11   1
12   13   1
13   28   1
13   12   1
13   14   1
14   29   1
14   13   1
14   15   1
15   30   1
15   14   1
16   1   3
16   31   3
16   17   3
17   2   3
17   32   3
17   16   3
18   3   3
18   17   3
19   4   3
19   34   1
20   5   3
20   35   1
21   6   3
21   22   3
22   7   3
22   37   1
22   23   3
23   8   3
23   38   3
23   22   3
23   24   3
24   9   1
24   39   3
24   23   3
24   25   3
25   10   1
25   40   3
25   24   3
25   26   3
26   11   1
26   41   3
26   25   3
26   27   3
27   12   1
27   42   1
27   26   3
27   28   1
28   13   1
28   43   1
28   27   3
28   29   1
29   14   1
29   44   1
29   28   1
29   30   1
30   15   1
30   45   1
30   29   1
31   16   3
31   46   1
31   32   3
32   17   3
32   47   1
32   31   3
33   32   3
33   34   1
34   49   1
34   35   1
35   50   1
35   34   1
36   35   1
36   37   1
37   22   3
37   52   1
37   38   3
38   23   3
38   53   1
38   37   1
38   39   3
39   24   3
39   54   1
39   38   3
39   40   3
40   25   3
40   55   1
40   39   3
40   41   3
41   26   3
41   56   1
41   40   3
41   42   1
42   27   3
42   57   1
42   41   3
42   43   1
43   28   1
43   58   1
43   42   1
43   44   1
44   29   1
44   59   1
44   43   1
44   45   1
45   30   1
45   60   1
45   44   1
46   31   3
46   61   1
46   47   1
47   32   3
47   62   1
47   46   1
48   47   1
48   49   1
49   34   1
49   64   1
49   50   1
50   35   1
50   65   1
50   49   1
51   50   1
51   52   1
52   37   1
52   53   1
53   38   3
53   52   1
53   54   1
54   39   3
54   53   1
54   55   1
55   40   3
55   70   3
55   54   1
55   56   1
56   41   3
56   71   3
56   55   1
56   57   1
57   42   1
57   72   1
57   56   1
57   58   1
58   43   1
58   73   1
58   57   1
58   59   1
59   44   1
59   74   1
59   58   1
59   60   1
60   45   1
60   75   1
60   59   1
61   46   1
61   76   1
61   62   1
62   47   1
62   77   1
62   61   1
63   62   1
63   64   1
64   49   1
64   79   1
64   65   1
65   50   1
65   80   1
65   64   1
66   81   1
66   65   1
67   52   1
67   82   1
68   53   1
68   83   1
69   54   1
69   84   1
69   70   3
70   55   1
70   85   1
70   71   3
71   56   1
71   86   1
71   70   3
71   72   1
72   57   1
72   87   1
72   71   3
72   73   1
73   58   1
73   88   3
73   72   1
73   74   1
74   59   1
74   89   3
74   73   1
74   75   1
75   60   1
75   90   1
75   74   1
76   61   1
76   91   1
76   77   1
77   62   1
77   92   1
77   76   1
78   77   1
78   79   1
79   64   1
79   80   1
80   65   1
80   79   1
80   81   1
81   80   1
81   82   1
82   81   1
82   83   1
83   82   1
83   84   1
84   99   1
84   83   1
84   85   1
85   70   3
85   100   1
85   84   1
85   86   1
86   71   3
86   101   3
86   85   1
86   87   1
87   72   1
87   102   3
87   86   1
87   88   3
88   73   1
88   103   1
88   87   1
88   89   3
89   74   1
89   104   1
89   88   3
89   90   1
90   75   1
90   105   1
90   89   3
91   76   1
91   106   1
91   92   1
92   77   1
92   107   1
92   91   1
93   108   1
93   92   1
94   79   1
94   109   1
95   80   1
95   110   1
96   81   1
96   111   1
97   82   1
98   83   1
98   113   1
98   99   1
99   84   1
99   114   3
99   100   1
100   85   1
100   115   3
100   99   1
100   101   3
101   86   1
101   100   1
101   102   3
102   87   1
102   101   3
102   103   1
103   88   3
103   118   1
103   102   3
103   104   1
104   89   3
104   119   1
104   103   1
104   105   1
105   90   1
105   120   1
105   104   1
106   91   1
106   121   1
106   107   1
107   92   1
107   122   1
107   106   1
107   108   1
108   107   1
108   109   1
109   108   1
109   110   1
110   125   1
110   109   1
110   111   1
111   126   1
111   110   1
112   111   1
112   113   1
113   128   1
113   114   3
114   99   1
114   129   1
114   113   1
114   115   3
115   100   1
115   114   3
116   101   3
116   115   3
117   102   3
117   118   1
118   103   1
118   133   1
118   119   1
119   104   1
119   134   1
119   118   1
119   120   1
120   105   1
120   135   1
120   119   1
121   106   1
121   136   1
121   122   1
122   107   1
122   137   1
122   121   1
123   108   1
123   138   1
123   122   1
124   109   1
124   139   1
124   125   1
125   110   1
125   140   1
125   126   1
126   111   1
126   141   1
126   125   1
127   142   1
127   126   1
127   128   1
128   113   1
128   143   1
128   129   1
129   114   3
129   144   1
129   128   1
130   115   3
130   145   1
130   129   1
131   146   1
132   147   1
132   133   1
133   118   1
133   148   1
133   134   1
134   119   1
134   149   1
134   133   1
134   135   1
135   120   1
135   150   1
135   134   1
136   121   1
136   137   1
137   122   1
137   136   1
137   138   1
138   137   1
138   139   1
139   138   1
139   140   1
140   125   1
140   139   1
140   141   1
141   126   1
141   140   1
141   142   1
142   141   1
142   143   1
143   128   1
143   142   1
143   144   1
144   129   1
144   143   1
144   145   1
145   144   1
145   146   1
146   145   1
146   147   1
147   146   1
147   148   1
148   133   1
148   147   1
148   149   1
149   134   1
149   148   1
149   150   1
150   135   1
150   149   1
